6239,0,4294967295,42,0
1,4294967295,42,0
2,4294967295,42,0
3,4294967295,42,0
4,4294967295,42,0
5,4294967295,42,0
6,4294967295,42,0
7,4294967295,42,0
8,4294967295,42,0
9,4294967295,42,0
10,4294967295,42,0
11,4294967295,42,0
12,4294967295,42,0
13,4294967295,42,0
14,4294967295,42,0
15,4294967295,42,0
16,1075,42,2046,2047,2047,2047,2048,2050,2048,2047,0
16,1379,42,2045,2048,2051,2052,2054,2056,2055,2055,2055,2056,2058,2056,2055,2053,2051,2049,2047,0
16,1406,42,2046,2045,2045,2045,2047,2049,2047,0
16,1444,42,2047,2048,2050,2052,2050,2049,2049,2049,2050,2047,0
16,1622,42,2047,2048,2050,2053,2052,2051,2051,2051,2052,2053,2052,2050,2048,2045,0
16,1688,42,2047,2048,2049,2051,2052,2050,2049,2046,0
16,1751,42,2047,2049,2051,2053,2052,2051,2051,2051,2053,2054,2053,2051,2050,2048,2046,0
16,1813,42,2046,2045,2044,2045,2046,2048,2046,0
16,1930,42,2046,2049,2052,2054,2057,2054,2053,2052,2054,2050,2046,0
16,1990,42,2044,2048,2052,2055,2058,2057,2057,2058,2060,2061,2058,2056,2055,2052,2048,2044,0
16,2057,42,2046,2047,2047,2049,2047,2047,2048,2050,2052,2052,2049,2049,2045,0
16,2129,42,2047,2048,2047,0
16,2171,42,2046,2047,2048,2049,2051,2050,2049,2048,2047,2048,2047,2048,2046,0
16,2236,42,2047,2048,2047,0
16,2269,42,2047,2048,2047,0
16,2298,42,2047,2049,2051,2053,2054,2053,2055,2057,2054,2052,2051,2051,2050,2048,2045,0
16,2361,42,2047,2046,2046,2046,2048,2050,2049,2048,2047,0
16,2481,42,2046,2048,2049,2051,2049,2047,2047,2047,2048,2046,0
16,2539,42,2046,2050,2053,2056,2056,2056,2055,2055,2056,2058,2055,2055,2053,2050,2046,0
16,2605,42,2045,2047,2050,2050,2049,2048,2047,2046,2046,2048,2048,2047,0
16,2672,42,2047,2046,2047,2047,2048,2049,2050,2049,2049,2047,0
16,2723,42,2046,2047,2049,2052,2051,2049,2050,2051,2047,0
16,2814,42,2044,2048,2048,2047,2047,2048,2047,0
16,2846,42,2044,2048,2051,2055,2055,2055,2054,2056,2058,2056,2055,2054,2055,2055,2056,2052,2047,0
16,2911,42,2047,2049,2050,2052,2050,2050,2048,2048,2048,2049,2047,0
16,2990,42,2047,2047,2048,2046,0
16,3087,42,2045,2049,2050,2052,2055,2054,2052,2053,2053,2053,2054,2052,2050,2047,0
16,3121,42,2045,2044,2045,2045,2048,2046,0
16,3154,42,2047,2048,2051,2053,2052,2050,2048,2048,2048,2048,2046,0
16,3218,42,2047,2049,2052,2053,2052,2051,2052,2053,2054,2051,2050,2048,2046,0
16,3326,42,2046,2045,2044,2044,2046,2048,2048,2048,2050,2052,2053,2052,2051,2051,2052,2052,2051,2051,2049,2047,0
16,3351,42,2047,2047,2049,2050,2049,2050,2051,2053,2056,2059,2061,2060,2058,2059,2059,2061,2059,2058,2058,2058,2057,2056,2054,2052,2049,2046,0
16,3387,42,2046,2048,2050,2052,2054,2056,2057,2059,2063,2066,2070,2073,2076,2075,2074,2073,2074,2075,2076,2073,2072,2071,2069,2066,2063,2062,2059,2056,2054,2054,2052,2049,2048,2048,2049,2050,2051,2051,2051,2051,2052,2054,2055,2056,2056,2055,2055,2054,2053,2053,2052,2052,2053,2052,2051,2049,2047,0
16,3448,42,2047,2049,2051,2053,2055,2056,2056,2055,2055,2056,2059,2061,2065,2067,2069,2071,2071,2071,2073,2069,2067,2067,2065,2062,2060,2057,2055,2051,2047,0
16,3489,42,2047,2050,2052,2055,2058,2058,2060,2062,2063,2062,2060,2059,2058,2057,2058,2057,2056,2055,2055,2053,2053,2054,2055,2054,2054,2053,2051,2054,2056,2059,2061,2060,2062,2063,2065,2067,2068,2069,2069,2070,2070,2071,2073,2075,2074,2072,2072,2070,2069,2068,2067,2066,2065,2064,2063,2062,2062,2062,2063,2063,2063,2062,2060,2059,2058,2059,2058,2057,2057,2055,2055,2054,2054,2055,2054,2054,2053,2054,2053,2054,2055,2057,2058,2059,2060,2062,2063,2064,2065,2066,2068,2069,2070,2070,2072,2073,2072,2071,2071,2070,2070,2069,2069,2069,2069,2069,2067,2067,2065,2065,2063,2061,2060,2060,2061,2061,2063,2062,2059,2056,2054,2052,2053,2053,2054,2053,2051,2049,2047,0
16,3627,42,2046,2049,2052,2055,2058,2060,2063,2065,2068,2071,2073,2074,2076,2078,2077,2076,2074,2074,2073,2073,2074,2072,2071,2070,2069,2068,2065,2063,2060,2056,2056,2055,2054,2051,2053,2054,2056,2058,2059,2061,2061,2062,2063,2064,2066,2067,2069,2071,2069,2067,2066,2066,2067,2065,2063,2062,2060,2057,2055,2053,2054,2053,2051,2050,2048,2050,2052,2053,2053,2056,2058,2061,2063,2065,2068,2070,2073,2075,2078,2077,2076,2075,2075,2075,2075,2077,2075,2074,2073,2071,2070,2068,2066,2064,2064,2064,2063,2062,2061,2059,2059,2059,2059,2059,2060,2061,2063,2065,2067,2067,2068,2071,2068,2065,2061,2058,2057,2056,2055,2052,2048,2047,0
16,3757,42,2046,2050,2050,2051,2054,2056,2058,2062,2066,2071,2075,2078,2081,2080,2080,2081,2083,2084,2081,2078,2077,2074,2071,2069,2068,2067,2065,2062,2059,2055,2052,2049,2047,0
16,3794,42,2047,2049,2050,2052,2053,2054,2056,2057,2059,2062,2063,2062,2062,2061,2060,2060,2060,2062,2061,2060,2060,2060,2061,2061,2061,2062,2064,2065,2065,2066,2065,2066,2067,2069,2070,2068,2066,2064,2065,2067,2068,2069,2068,2068,2067,2068,2067,2067,2068,2068,2067,2067,2066,2065,2064,2062,2060,2059,2057,2056,2057,2057,2056,2057,2057,2057,2056,2054,2055,2055,2054,2054,2053,2053,2053,2053,2053,2052,2052,2054,2056,2057,2058,2058,2055,2053,2053,2053,2053,2054,2053,2053,2054,2055,2056,2056,2056,2055,2053,2052,2052,2052,2053,2053,2053,2054,2055,2057,2057,2059,2060,2060,2062,2064,2065,2065,2066,2067,2067,2068,2066,2065,2064,2062,2063,2059,2056,2053,2049,2047,0
16,3935,42,2046,2049,2054,2057,2059,2062,2065,2067,2069,2072,2075,2077,2079,2078,2077,2077,2078,2081,2080,2077,2075,2074,2071,2069,2067,2064,2062,2060,2060,2059,2058,2056,2054,2056,2057,2058,2058,2059,2059,2058,2058,2059,2059,2061,2061,2060,2062,2062,2064,2062,2061,2059,2058,2056,2055,2053,2051,2051,2051,2051,2052,2052,2050,2049,2052,2052,2054,2056,2059,2060,2061,2063,2066,2069,2071,2073,2076,2074,2072,2070,2068,2067,2067,2065,2061,2058,2054,2052,2051,2048,2045,0
16,4034,42,2047,2049,2050,2052,2054,2056,2058,2060,2063,2064,2066,2069,2067,2065,2065,2065,2066,2062,2058,2055,2052,2052,2051,2051,2051,2052,2051,2051,2049,2052,2054,2054,2055,2057,2060,2062,2064,2065,2065,2068,2071,2072,2074,2076,2075,2075,2075,2076,2076,2078,2076,2073,2071,2069,2066,2064,2062,2061,2059,2057,2056,2055,2054,2054,2053,2052,2051,2051,2052,2053,2054,2054,2054,2055,2055,2055,2055,2054,2054,2054,2054,2054,2055,2056,2056,2056,2057,2057,2057,2058,2058,2059,2061,2062,2063,2065,2065,2067,2068,2068,2069,2069,2070,2070,2071,2072,2072,2072,2072,2071,2070,2069,2069,2069,2068,2064,2060,2059,2058,2057,2057,2056,2053,2052,2051,2048,2047,0
16,73,42,2047,2049,2049,2049,2050,2051,2055,2056,2058,2061,2063,2064,2064,2065,2065,2065,2067,2068,2069,2069,2070,2072,2072,2074,2071,2069,2068,2067,2065,2064,2063,2063,2062,2060,2060,2059,2057,2055,2054,2053,2053,2055,2055,2056,2056,2056,2056,2057,2059,2061,2062,2062,2062,2061,2061,2060,2061,2059,2058,2056,2054,2052,2049,2047,0
16,150,42,2047,2049,2053,2055,2059,2061,2063,2065,2064,2064,2064,2064,2064,2064,2066,2067,2065,2064,2062,2061,2060,2059,2057,2056,2054,2055,2055,2055,2055,2056,2055,2053,2054,2053,2053,2054,2056,2054,2055,2057,2058,2058,2057,2054,2051,2049,2048,2045,0
16,213,42,2046,2050,2054,2058,2062,2063,2065,2067,2066,2066,2066,2067,2068,2068,2069,2066,2065,2061,2058,2054,2051,2048,2046,0
16,252,42,2046,2047,2048,2049,2051,2050,2050,2049,2048,2048,2049,2049,2050,2051,2051,2051,2051,2050,2051,2051,2051,2053,2054,2055,2057,2060,2059,2058,2057,2056,2056,2058,2060,2062,2064,2064,2063,2063,2062,2062,2063,2065,2065,2064,2062,2060,2060,2060,2059,2059,2059,2059,2059,2058,2056,2056,2057,2057,2056,2055,2052,2052,2052,2052,2051,2052,2051,2050,2051,2049,2049,2050,2049,2049,2048,2046,0
16,345,42,2046,2047,2047,2048,2049,2051,2052,2053,2052,2052,2050,2050,2050,2052,2053,2055,2054,2053,2053,2053,2054,2053,2052,2052,2049,2047,0
16,389,42,2046,2048,2051,2053,2056,2059,2061,2064,2067,2069,2072,2073,2073,2075,2077,2076,2074,2073,2072,2072,2071,2070,2067,2065,2063,2061,2058,2059,2059,2059,2059,2059,2058,2057,2055,2054,2054,2055,2057,2058,2058,2056,2056,2056,2057,2058,2054,2052,2049,2047,2048,2048,2047,0
16,457,42,2046,2048,2050,2052,2055,2053,2051,2053,2051,2052,2053,2053,2051,2049,2045,0
16,488,42,2045,2046,2048,2051,2053,2055,2056,2058,2061,2060,2059,2059,2059,2060,2061,2062,2060,2058,2056,2056,2056,2057,2057,2056,2055,2053,2055,2055,2056,2055,2058,2061,2065,2068,2070,2073,2075,2076,2078,2081,2081,2081,2082,2082,2083,2085,2083,2081,2079,2078,2076,2074,2071,2067,2065,2063,2061,2060,2059,2058,2056,2054,2053,2053,2050,2049,2047,2046,2046,2047,2048,2047,0
16,583,42,2047,2049,2052,2049,2048,2048,2050,2051,2053,2053,2053,2051,2050,2050,2051,2052,2053,2049,2046,0
16,621,42,2045,2046,2048,2051,2051,2053,2055,2057,2059,2062,2065,2068,2072,2073,2073,2074,2074,2075,2076,2076,2074,2074,2074,2075,2075,2076,2076,2075,2073,2072,2069,2068,2067,2065,2065,2064,2063,2062,2062,2063,2063,2063,2064,2063,2062,2063,2063,2064,2065,2065,2066,2064,2063,2061,2059,2058,2056,2055,2054,2053,2049,2045,0
16,701,42,2047,2050,2052,2053,2055,2057,2056,2058,2059,2061,2059,2058,2058,2057,2056,2057,2056,2055,2054,2053,2052,2051,2050,2051,2053,2053,2053,2053,2052,2054,2056,2058,2056,2055,2057,2058,2059,2058,2055,2054,2056,2059,2056,2053,2052,2049,2047,0
16,758,42,2046,2049,2051,2054,2058,2064,2068,2072,2076,2076,2077,2078,2079,2081,2079,2078,2078,2077,2077,2073,2070,2066,2062,2059,2057,2053,2047,0
16,798,42,2045,2047,2050,2049,2048,2048,2048,2048,2048,2048,2048,2050,2047,0
16,825,42,2047,2050,2052,2054,2056,2058,2061,2062,2063,2064,2066,2064,2063,2063,2062,2062,2062,2062,2063,2063,2062,2061,2059,2058,2057,2056,2055,2054,2054,2055,2055,2056,2057,2058,2060,2062,2062,2062,2062,2063,2063,2062,2062,2061,2061,2061,2062,2060,2056,2055,2056,2056,2055,2053,2050,2046,0
16,884,42,2047,2049,2049,2049,2049,2049,2051,2053,2057,2056,2056,2054,2054,2056,2057,2059,2060,2060,2059,2059,2058,2058,2058,2058,2058,2060,2058,2055,2053,2052,2051,2049,2046,0
16,939,42,2047,2049,2051,2053,2054,2057,2058,2061,2063,2062,2063,2062,2063,2065,2064,2062,2061,2061,2061,2062,2062,2061,2059,2059,2058,2056,2056,2057,2057,2057,2058,2057,2056,2058,2059,2060,2058,2059,2060,2062,2062,2061,2061,2063,2063,2063,2062,2061,2060,2059,2058,2057,2055,2054,2053,2051,2050,2048,2048,2048,2049,2050,2051,2054,2055,2057,2061,2065,2069,2066,2065,2066,2062,2060,2059,2057,2057,2057,2057,2057,2055,2054,2053,2049,2045,0
16,1035,42,2046,2049,2052,2052,2053,2053,2054,2056,2056,2055,2055,2055,2057,2055,2054,2051,2049,2047,0
16,1067,42,2044,2048,2051,2054,2058,2061,2065,2067,2069,2071,2070,2069,2069,2069,2071,2072,2070,2068,2067,2065,2063,2060,2058,2056,2054,2055,2055,2054,2053,2052,2050,2051,2051,2050,2050,2049,2050,2051,2053,2055,2054,2054,2054,2053,2053,2053,2053,2054,2055,2055,2055,2055,2056,2055,2055,2054,2052,2053,2054,2055,2055,2056,2058,2060,2062,2065,2068,2069,2067,2066,2067,2068,2069,2070,2071,2072,2071,2069,2065,2060,2056,2055,2055,2056,2055,2051,2047,0
16,1171,42,2045,2046,2047,2050,2051,2052,2052,2052,2053,2054,2055,2055,2055,2054,2055,2055,2055,2056,2056,2056,2056,2056,2056,2056,2056,2057,2057,2058,2060,2062,2060,2057,2055,2057,2058,2059,2057,2058,2058,2059,2061,2062,2062,2063,2064,2065,2066,2065,2064,2066,2067,2066,2063,2062,2060,2058,2057,2056,2055,2054,2054,2052,2052,2050,2048,2046,0
16,1242,42,2047,2048,2050,2052,2053,2055,2057,2059,2061,2062,2064,2067,2066,2066,2066,2067,2067,2068,2069,2067,2065,2065,2063,2062,2061,2061,2060,2059,2058,2056,2056,2054,2053,2051,2050,2049,2052,2053,2057,2054,2056,2052,2054,2053,2052,2049,2048,2048,2045,0
16,1308,42,2047,2051,2055,2060,2064,2068,2070,2073,2074,2075,2078,2076,2075,2074,2075,2075,2076,2074,2072,2068,2065,2061,2059,2056,2054,2053,2052,2052,2051,2049,2047,2050,2051,2052,2053,2055,2057,2059,2060,2061,2063,2065,2067,2066,2065,2064,2063,2063,2063,2064,2061,2059,2057,2055,2052,2053,2053,2053,2053,2052,2051,2051,2050,2049,2051,2053,2055,2056,2059,2061,2062,2065,2065,2066,2066,2068,2069,2066,2066,2065,2064,2064,2065,2063,2061,2059,2058,2058,2057,2056,2053,2051,2050,2051,2052,2053,2054,2054,2052,2050,2048,2051,2052,2053,2054,2055,2056,2056,2058,2056,2055,2049,2047,0
16,1435,42,2046,2049,2051,2054,2056,2058,2060,2062,2066,2068,2070,2072,2071,2071,2071,2071,2072,2072,2074,2072,2070,2069,2068,2067,2066,2064,2062,2060,2057,2056,2055,2054,2055,2055,2055,2053,2050,2051,2051,2051,2052,2051,2051,2052,2054,2054,2054,2055,2056,2056,2057,2059,2061,2062,2063,2062,2060,2059,2062,2065,2065,2066,2066,2067,2069,2068,2068,2068,2067,2066,2066,2066,2067,2065,2061,2057,2057,2057,2057,2056,2054,2051,2051,2053,2052,2053,2054,2054,2055,2055,2057,2059,2060,2059,2058,2056,2054,2053,2054,2055,2057,2055,2053,2051,2048,2046,0
16,1547,42,2047,2048,2049,2049,2050,2053,2057,2058,2057,2058,2061,2060,2062,2064,2065,2063,2063,2063,2063,2062,2061,2060,2057,2054,2055,2055,2055,2055,2053,2051,2052,2053,2054,2054,2055,2057,2059,2062,2065,2065,2065,2067,2070,2069,2068,2067,2068,2068,2067,2066,2063,2061,2059,2057,2054,2052,2049,2046,0
16,1612,42,2046,2048,2050,2053,2056,2060,2063,2067,2070,2073,2075,2078,2078,2077,2078,2078,2079,2081,2079,2077,2075,2073,2070,2067,2064,2061,2059,2058,2056,2055,2052,2051,2052,2053,2054,2054,2054,2053,2056,2057,2058,2058,2058,2058,2057,2056,2056,2056,2057,2059,2058,2058,2056,2057,2056,2056,2056,2055,2054,2052,2051,2049,2051,2053,2054,2056,2059,2060,2062,2065,2067,2068,2069,2070,2072,2075,2075,2077,2079,2076,2071,2066,2062,2059,2058,2057,2056,2052,2048,2046,0
16,1715,42,2045,2046,2049,2051,2054,2055,2056,2057,2059,2059,2059,2058,2057,2055,2054,2054,2053,2054,2054,2053,2052,2051,2049,2049,2050,2051,2051,2052,2053,2053,2054,2056,2056,2058,2058,2060,2061,2062,2063,2062,2062,2062,2061,2061,2061,2061,2062,2063,2062,2061,2062,2062,2062,2061,2061,2061,2060,2059,2058,2056,2053,2053,2052,2051,2050,2049,2049,2049,2050,2051,2051,2051,2051,2051,2051,2052,2051,2053,2054,2055,2058,2060,2061,2063,2065,2065,2066,2065,2066,2066,2067,2068,2070,2072,2073,2072,2073,2072,2074,2071,2069,2065,2065,2064,2061,2059,2061,2061,2061,2060,2061,2062,2062,2062,2061,2059,2058,2057,2055,2052,2050,2050,2049,2048,2046,0
16,1854,42,2046,2050,2052,2054,2057,2060,2063,2066,2067,2070,2072,2070,2069,2069,2068,2068,2068,2068,2068,2066,2063,2061,2059,2056,2054,2054,2054,2054,2053,2052,2051,2050,2048,2050,2052,2054,2058,2060,2062,2064,2066,2067,2068,2068,2068,2066,2065,2064,2064,2065,2066,2063,2062,2060,2057,2055,2053,2054,2054,2054,2054,2054,2054,2052,2051,2054,2056,2057,2060,2062,2064,2066,2068,2070,2073,2073,2074,2075,2078,2076,2074,2073,2071,2069,2066,2064,2063,2061,2060,2059,2057,2054,2054,2053,2053,2052,2049,2049,2051,2052,2054,2056,2056,2055,2053,2052,2054,2056,2057,2055,2056,2052,2048,2044,0
16,1985,42,2044,2048,2050,2053,2057,2061,2064,2067,2069,2070,2073,2072,2071,2071,2071,2072,2073,2070,2069,2066,2065,2062,2060,2059,2057,2057,2055,2052,2052,2051,2049,2048,2048,2049,2051,2052,2053,2053,2055,2058,2058,2060,2061,2062,2063,2063,2064,2065,2065,2065,2065,2066,2067,2067,2067,2067,2068,2068,2070,2070,2070,2070,2070,2070,2070,2070,2071,2071,2072,2073,2073,2073,2072,2073,2072,2072,2071,2069,2067,2066,2064,2063,2062,2059,2057,2059,2058,2060,2059,2056,2055,2054,2055,2056,2057,2057,2055,2053,2053,2051,2050,2049,2049,2049,2047,0
16,2099,42,2047,2047,2049,2047,0
16,2105,42,2047,2047,2050,2053,2054,2055,2056,2056,2055,2054,2056,2055,2053,2052,2051,2049,2049,2051,2052,2054,2054,2052,2050,2053,2055,2057,2060,2062,2064,2066,2069,2068,2067,2068,2071,2070,2070,2069,2069,2068,2066,2063,2061,2059,2058,2055,2052,2050,2048,2047,0
16,2158,42,2047,2049,2051,2052,2054,2056,2060,2063,2066,2070,2073,2076,2077,2080,2082,2081,2080,2079,2079,2081,2082,2079,2077,2075,2072,2069,2066,2063,2062,2061,2060,2059,2056,2053,2050,2051,2053,2052,2050,2051,2051,2050,2050,2050,2053,2056,2059,2057,2057,2058,2061,2060,2057,2057,2054,2052,2050,2049,2048,2046,0
16,2223,42,2046,2049,2050,2052,2054,2056,2058,2060,2063,2066,2067,2069,2072,2075,2072,2070,2071,2066,2063,2061,2060,2060,2059,2056,2052,2050,2048,2046,0
16,2260,42,2047,2049,2050,2051,2054,2057,2061,2062,2064,2067,2066,2064,2064,2064,2064,2064,2065,2064,2063,2063,2062,2061,2059,2061,2061,2061,2061,2060,2058,2059,2060,2062,2064,2066,2068,2070,2072,2073,2074,2075,2077,2078,2077,2077,2078,2080,2079,2078,2077,2076,2075,2074,2074,2073,2072,2072,2071,2070,2068,2066,2066,2065,2063,2061,2060,2058,2057,2058,2058,2059,2060,2060,2060,2058,2057,2055,2054,2055,2054,2055,2054,2055,2056,2057,2058,2059,2060,2061,2063,2065,2066,2068,2069,2070,2070,2072,2074,2074,2075,2074,2073,2072,2072,2071,2070,2070,2071,2069,2070,2070,2070,2069,2069,2068,2068,2065,2062,2065,2066,2064,2061,2060,2061,2057,2056,2056,2056,2057,2056,2054,2054,2056,2055,2055,2055,2053,2055,2055,2056,2056,2057,2060,2062,2064,2067,2069,2070,2072,2074,2075,2077,2077,2077,2078,2079,2082,2081,2080,2079,2079,2078,2078,2076,2075,2072,2071,2070,2069,2067,2065,2062,2059,2055,2057,2057,2056,2053,2056,2058,2060,2062,2062,2062,2063,2064,2067,2065,2064,2063,2064,2064,2065,2065,2064,2062,2060,2058,2055,2054,2051,2048,2045,0
16,2468,42,2046,2049,2051,2055,2056,2059,2061,2064,2067,2069,2073,2075,2077,2079,2078,2077,2076,2075,2073,2073,2073,2071,2069,2068,2066,2065,2063,2061,2059,2061,2060,2061,2060,2062,2064,2066,2069,2070,2069,2069,2069,2072,2075,2072,2069,2068,2065,2064,2064,2063,2062,2058,2057,2056,2055,2055,2053,2051,2053,2053,2054,2053,2051,2054,2058,2060,2064,2067,2071,2075,2079,2084,2083,2085,2088,2088,2088,2087,2088,2088,2087,2086,2083,2081,2079,2077,2074,2072,2069,2066,2062,2060,2058,2055,2055,2053,2051,2051,2051,2051,2050,2052,2053,2054,2054,2056,2059,2060,2061,2062,2063,2064,2064,2066,2066,2066,2066,2065,2064,2064,2064,2062,2061,2061,2060,2061,2062,2063,2063,2064,2063,2063,2065,2066,2069,2070,2070,2070,2070,2070,2071,2072,2071,2070,2070,2070,2070,2071,2072,2073,2073,2074,2074,2073,2073,2071,2069,2068,2066,2066,2067,2068,2070,2071,2071,2071,2070,2069,2069,2069,2069,2069,2068,2067,2067,2066,2066,2068,2070,2071,2071,2069,2066,2064,2064,2064,2065,2068,2069,2068,2067,2067,2066,2067,2068,2067,2067,2067,2068,2068,2069,2070,2070,2069,2069,2070,2070,2071,2070,2071,2071,2070,2070,2070,2070,2071,2070,2070,2070,2071,2070,2067,2065,2064,2062,2061,2060,2058,2056,2054,2051,2049,2048,2047,0
16,2708,42,2047,2050,2052,2055,2057,2060,2062,2064,2067,2070,2073,2076,2079,2080,2082,2085,2082,2080,2079,2079,2078,2076,2074,2072,2071,2070,2069,2068,2067,2066,2063,2061,2061,2058,2055,2057,2058,2062,2066,2067,2066,2065,2065,2068,2071,2072,2071,2072,2073,2076,2075,2073,2071,2069,2068,2066,2065,2063,2062,2063,2063,2064,2064,2063,2061,2064,2064,2066,2068,2070,2072,2075,2077,2080,2080,2083,2086,2086,2086,2086,2084,2082,2080,2077,2073,2069,2068,2065,2062,2059,2055,2052,2048,2046,0
16,2805,42,2047,2050,2052,2053,2054,2055,2056,2058,2060,2062,2064,2067,2065,2065,2064,2064,2064,2066,2064,2062,2061,2058,2055,2051,2049,2048,2046,0
16,2838,42,2047,2050,2052,2055,2057,2060,2062,2064,2067,2068,2070,2073,2074,2075,2078,2076,2075,2075,2077,2078,2076,2072,2069,2066,2065,2065,2065,2065,2064,2063,2062,2060,2061,2060,2059,2057,2056,2059,2061,2061,2060,2060,2061,2062,2064,2066,2066,2066,2066,2066,2066,2067,2065,2063,2063,2064,2066,2066,2066,2063,2066,2069,2073,2075,2077,2079,2081,2083,2085,2084,2084,2083,2083,2083,2085,2086,2085,2084,2082,2081,2080,2079,2076,2074,2072,2069,2067,2067,2065,2062,2058,2056,2055,2056,2055,2054,2053,2054,2054,2054,2054,2052,2050,2050,2050,2050,2051,2052,2052,2054,2055,2056,2058,2059,2059,2059,2059,2059,2059,2059,2061,2062,2062,2061,2062,2062,2062,2063,2064,2063,2062,2061,2060,2060,2059,2058,2057,2056,2054,2052,2051,2050,2053,2054,2054,2052,2054,2056,2057,2054,2052,2052,2052,2053,2052,2052,2052,2052,2054,2054,2054,2053,2050,2048,2046,0
16,3022,42,2046,2049,2050,2052,2052,2054,2055,2056,2057,2055,2054,2053,2052,2052,2051,2051,2050,2049,2047,0
16,3085,42,2044,2048,2052,2056,2058,2059,2062,2061,2059,2058,2058,2058,2056,2053,2050,2047,0
16,3152,42,2047,2047,2047,2047,2047,2047,2048,2047,0
16,3268,42,2047,2047,2047,2049,2050,2052,2051,2049,2049,2047,0
16,3332,42,2047,2047,2048,2049,2047,0
16,3394,42,2047,2047,2047,2049,2052,2052,2051,2053,2054,2054,2055,2053,2051,2049,2045,0
16,3512,42,2046,2046,2048,2046,0
16,3573,42,2046,2047,2049,2051,2050,2050,2048,2048,2048,2048,2049,2047,0
16,3634,42,2045,2049,2053,2053,2054,2055,2058,2057,2057,2057,2058,2059,2058,2055,2051,2045,0
16,3701,42,2047,2046,2047,2047,2047,2049,2050,2049,2048,2048,2046,0
16,3775,42,2047,2047,2046,2048,2047,0
16,3815,42,2046,2045,2045,2045,2045,2045,2045,2046,2048,2047,0
16,3879,42,2047,2047,2047,2048,2046,0
16,3908,42,2046,2050,2048,2049,2051,2048,2045,0
16,3940,42,2045,2048,2052,2052,2054,2055,2055,2057,2055,2053,2051,2050,2049,2047,0
16,4003,42,2046,2046,2046,2047,2047,2048,2050,2049,2049,2048,2047,0
16,27,42,2047,2047,2046,2046,2046,2046,2047,2048,2049,2047,0
16,86,42,2045,2050,2054,2053,2053,2054,2057,2056,2055,2054,2053,2052,2050,2048,2045,0
16,152,42,2047,2047,2046,2046,2046,2046,2047,2048,2046,0
16,3020,42,2047,2048,2051,2053,2051,2049,2048,2048,2048,2049,2047,0
16,3570,42,2046,2045,2044,2045,2046,2048,2047,0
16,3811,42,2046,2045,2046,2046,2047,2049,2048,2047,0
16,83,42,2044,2048,2052,2053,2055,2057,2056,2056,2056,2056,2058,2055,2052,2048,2043,0
16,263,42,2045,2047,2048,2051,2050,2049,2049,2049,2049,2047,0
16,454,42,2047,2046,2045,2046,2046,2048,2045,0
17,1386,42,2054,2055,2054,0
17,1934,42,2053,2053,2055,2054,0
17,1993,42,2053,2053,2054,2055,2056,2058,2057,2056,2054,0
17,2304,42,2054,2055,2054,0
17,2542,42,2054,2053,2053,2053,2053,2054,2055,2054,0
17,2849,42,2053,2053,2053,2053,2052,2054,2056,2055,2055,2055,2056,2054,0
17,3092,42,2054,2054,2055,2054,0
17,3358,42,2053,2055,2056,2058,2058,2056,2057,2058,2059,2058,2057,2057,2056,2057,2055,2053,0
17,3392,42,2054,2057,2058,2060,2063,2066,2067,2070,2072,2072,2071,2069,2069,2069,2070,2068,2066,2066,2064,2062,2059,2057,2054,0
17,3429,42,2053,2052,2052,2052,2053,2053,2055,2054,0
17,3456,42,2054,2056,2058,2059,2062,2064,2064,2066,2067,2069,2068,2065,2064,2062,2060,2058,2057,2056,2054,0
17,3491,42,2052,2054,2057,2057,2057,2057,2058,2059,2059,2061,2060,2059,2059,2058,2056,2055,2054,0
17,3516,42,2054,2056,2058,2059,2059,2059,2059,2060,2061,2063,2065,2066,2067,2068,2067,2066,2065,2066,2067,2068,2066,2066,2065,2065,2064,2064,2063,2062,2061,2060,2060,2058,2057,2057,2056,2056,2055,2054,2054,2054,2055,2054,0
17,3568,42,2054,2054,2055,2056,2057,2059,2060,2061,2061,2062,2064,2064,2065,2066,2067,2068,2067,2066,2065,2065,2065,2065,2065,2065,2066,2066,2067,2066,2065,2064,2063,2063,2062,2060,2057,2056,2057,2055,2055,2056,2056,2056,2053,0
17,3629,42,2053,2055,2057,2059,2060,2063,2065,2068,2069,2071,2073,2073,2072,2070,2070,2070,2070,2070,2071,2069,2068,2067,2066,2066,2064,2062,2059,2057,2054,0
17,3661,42,2053,2055,2056,2058,2058,2060,2061,2062,2063,2064,2065,2066,2067,2068,2067,2065,2064,2064,2065,2064,2062,2061,2060,2058,2056,2054,0
17,3695,42,2054,2056,2058,2060,2062,2064,2066,2068,2069,2072,2074,2074,2075,2077,2077,2076,2075,2074,2073,2073,2071,2069,2068,2066,2064,2065,2064,2064,2064,2063,2062,2060,2060,2059,2058,2059,2060,2061,2061,2063,2064,2065,2063,2063,2066,2065,2065,2062,2059,2057,2056,2053,0
17,3759,42,2054,2056,2057,2057,2059,2061,2065,2069,2072,2075,2075,2076,2077,2078,2080,2077,2075,2073,2073,2071,2070,2068,2066,2063,2061,2060,2059,2057,2053,0
17,3797,42,2053,2053,2054,2055,2057,2058,2060,2062,2062,2061,2061,2060,2061,2063,2062,2063,2063,2063,2063,2063,2064,2063,2065,2065,2065,2066,2065,2063,2063,2063,2064,2066,2068,2068,2068,2066,2065,2064,2064,2064,2064,2064,2065,2065,2067,2067,2067,2067,2067,2066,2065,2065,2064,2063,2062,2061,2059,2058,2056,2055,2055,2054,2054,2054,2055,2054,0
17,3871,42,2053,2054,2055,2056,2058,2056,2054,2054,2054,2053,2053,2055,2055,2056,2056,2055,2055,2054,2054,2055,2053,0
17,3894,42,2054,2055,2055,2056,2056,2056,2057,2058,2059,2060,2061,2062,2063,2063,2065,2065,2065,2066,2066,2067,2066,2064,2062,2061,2062,2060,2057,2055,2052,0
17,3936,42,2052,2054,2057,2059,2062,2063,2066,2068,2071,2073,2074,2076,2078,2077,2075,2074,2074,2074,2075,2073,2072,2070,2068,2065,2064,2062,2062,2061,2060,2059,2058,2056,2058,2059,2060,2060,2061,2061,2062,2063,2063,2063,2063,2063,2064,2064,2063,2061,2060,2059,2058,2059,2058,2056,2055,2053,0
17,4000,42,2054,2056,2057,2059,2060,2062,2064,2067,2068,2070,2068,2066,2066,2066,2068,2067,2065,2066,2065,2062,2059,2056,2054,0
17,4037,42,2054,2055,2057,2059,2060,2063,2065,2064,2065,2065,2067,2068,2065,2063,2062,2060,2057,2054,0
17,4064,42,2054,2055,2057,2060,2062,2063,2064,2064,2065,2066,2069,2071,2071,2072,2072,2074,2076,2074,2072,2071,2071,2071,2069,2068,2066,2064,2064,2064,2063,2061,2060,2059,2060,2060,2059,2059,2058,2058,2056,2055,2055,2055,2055,2055,2055,2055,2055,2055,2055,2055,2056,2057,2057,2057,2057,2057,2058,2058,2059,2059,2061,2062,2062,2064,2064,2065,2066,2067,2068,2068,2068,2067,2068,2068,2068,2069,2069,2070,2069,2069,2070,2069,2068,2068,2067,2065,2061,2060,2059,2058,2058,2057,2055,2054,0
17,78,42,2054,2056,2059,2059,2060,2060,2060,2061,2063,2064,2065,2066,2067,2068,2069,2069,2070,2072,2073,2071,2070,2069,2067,2066,2065,2065,2065,2064,2062,2061,2061,2059,2058,2057,2055,2056,2057,2057,2058,2058,2059,2058,2058,2059,2060,2061,2062,2061,2060,2059,2059,2059,2059,2058,2058,2057,2055,2053,0
17,151,42,2053,2055,2058,2060,2062,2064,2064,2064,2064,2065,2066,2067,2068,2066,2065,2064,2063,2063,2062,2061,2060,2060,2059,2057,2056,2054,0
17,178,42,2054,2055,2056,2057,2057,2058,2058,2060,2061,2061,2060,2061,2059,2056,2055,2054,0
17,214,42,2053,2057,2059,2062,2063,2064,2067,2066,2067,2067,2067,2068,2068,2069,2067,2065,2063,2060,2057,2054,0
17,256,42,2054,2054,2054,2054,2054,2055,2054,0
17,273,42,2054,2056,2057,2059,2059,2059,2061,2063,2065,2066,2066,2065,2063,2062,2062,2062,2063,2064,2066,2065,2063,2062,2061,2061,2060,2060,2060,2058,2057,2057,2057,2057,2057,2056,2056,2054,0
17,311,42,2054,2054,2053,2053,2055,2054,0
17,356,42,2054,2054,2053,2055,2055,2057,2057,2057,2057,2057,2057,2056,2054,0
17,391,42,2054,2056,2058,2060,2061,2064,2068,2069,2070,2072,2071,2071,2070,2071,2071,2073,2072,2070,2069,2068,2067,2065,2063,2061,2061,2062,2061,2061,2060,2059,2057,2058,2059,2060,2061,2061,2061,2060,2061,2062,2062,2062,2061,2059,2057,2054,0
17,459,42,2054,2054,2057,2059,2059,2059,2060,2058,2057,2055,2054,0
17,490,42,2053,2054,2055,2057,2058,2059,2062,2061,2061,2060,2060,2060,2060,2061,2062,2061,2061,2059,2057,2055,2057,2057,2058,2058,2058,2058,2058,2058,2061,2062,2064,2067,2070,2072,2074,2075,2077,2079,2080,2080,2082,2080,2079,2080,2080,2079,2077,2076,2074,2071,2070,2067,2066,2064,2062,2061,2059,2058,2058,2057,2055,2054,0
17,584,42,2053,2052,2052,2054,2056,2054,0
17,594,42,2054,2052,2052,2053,2054,2055,2053,0
17,623,42,2053,2054,2055,2056,2058,2060,2062,2063,2065,2068,2068,2070,2071,2073,2074,2074,2075,2076,2075,2076,2075,2073,2072,2071,2070,2070,2070,2069,2068,2068,2067,2067,2066,2066,2064,2064,2065,2065,2066,2066,2066,2065,2065,2064,2062,2063,2064,2065,2065,2065,2064,2063,2062,2060,2060,2058,2056,2055,2053,0
17,702,42,2053,2055,2057,2059,2059,2060,2060,2061,2062,2063,2062,2061,2060,2059,2058,2057,2057,2056,2055,2055,2054,0
17,728,42,2054,2055,2057,2058,2058,2058,2060,2062,2063,2062,2060,2058,2056,2055,2055,2056,2058,2055,2053,0
17,760,42,2054,2057,2061,2064,2068,2071,2074,2075,2075,2075,2077,2079,2077,2075,2074,2073,2072,2072,2069,2066,2064,2061,2059,2056,2052,0
17,801,42,2054,2055,2055,2055,2055,2055,2056,2054,0
17,826,42,2053,2054,2056,2059,2060,2061,2063,2063,2064,2064,2065,2067,2066,2064,2064,2063,2063,2062,2063,2064,2063,2062,2061,2061,2059,2059,2059,2059,2059,2058,2058,2058,2060,2060,2062,2063,2064,2065,2065,2066,2066,2066,2066,2065,2065,2064,2062,2060,2057,2056,2057,2057,2056,2054,0
17,890,42,2054,2054,2057,2060,2061,2061,2061,2060,2059,2060,2060,2060,2060,2060,2060,2060,2061,2063,2061,2059,2058,2057,2056,2055,2054,0
17,941,42,2054,2055,2057,2059,2060,2062,2064,2064,2063,2063,2063,2064,2064,2065,2066,2066,2065,2064,2063,2061,2060,2060,2060,2061,2061,2061,2061,2060,2059,2058,2060,2061,2061,2062,2061,2061,2060,2059,2060,2062,2062,2061,2060,2059,2059,2059,2060,2060,2060,2058,2057,2056,2055,2053,0
17,999,42,2054,2056,2057,2058,2058,2059,2062,2066,2064,2065,2068,2069,2069,2069,2066,2064,2063,2062,2061,2060,2058,2058,2056,2053,0
17,1036,42,2053,2053,2053,2054,2055,2058,2056,2055,2055,2055,2055,2056,2057,2056,2055,2053,0
17,1068,42,2052,2054,2057,2060,2063,2065,2067,2069,2069,2068,2068,2069,2070,2072,2071,2069,2068,2067,2066,2065,2062,2060,2059,2057,2055,2054,0
17,1097,42,2054,2055,2054,0
17,1103,42,2054,2054,2055,2056,2058,2059,2057,2057,2056,2056,2056,2056,2055,2056,2056,2057,2057,2057,2058,2058,2058,2058,2058,2057,2059,2060,2061,2062,2064,2066,2068,2069,2068,2067,2066,2067,2068,2067,2067,2068,2069,2069,2066,2062,2062,2061,2062,2061,2058,2055,2052,0
17,1175,42,2054,2055,2056,2056,2057,2057,2057,2058,2058,2058,2059,2059,2059,2060,2059,2059,2059,2059,2060,2061,2062,2062,2062,2062,2062,2061,2058,2057,2058,2059,2060,2061,2059,2059,2060,2060,2061,2063,2063,2065,2066,2066,2067,2066,2064,2063,2064,2064,2065,2064,2063,2063,2062,2061,2059,2058,2056,2054,0
17,1243,42,2053,2054,2055,2056,2058,2060,2061,2063,2064,2065,2067,2067,2066,2066,2067,2067,2067,2069,2068,2067,2065,2064,2063,2062,2062,2060,2061,2060,2059,2058,2056,2055,2054,0
17,1278,42,2054,2057,2059,2056,2054,2056,2052,0
17,1308,42,2052,2055,2058,2062,2065,2068,2069,2071,2074,2074,2073,2074,2075,2076,2077,2075,2073,2072,2071,2068,2066,2064,2062,2059,2057,2055,2054,0
17,1340,42,2054,2056,2057,2059,2061,2062,2063,2063,2064,2063,2063,2063,2064,2065,2067,2065,2063,2062,2061,2061,2060,2059,2057,2055,2054,0
17,1371,42,2054,2056,2057,2058,2059,2061,2063,2063,2064,2066,2067,2066,2067,2066,2067,2069,2068,2067,2065,2065,2064,2064,2062,2061,2059,2057,2057,2058,2059,2060,2060,2059,2058,2056,2056,2054,0
17,1410,42,2054,2054,2055,2057,2059,2056,2056,2056,2057,2053,0
17,1436,42,2053,2054,2056,2058,2060,2062,2064,2067,2069,2069,2070,2071,2072,2074,2072,2071,2070,2070,2069,2069,2069,2069,2068,2067,2065,2063,2062,2060,2058,2057,2056,2055,2054,0
17,1473,42,2054,2055,2055,2056,2057,2056,2057,2060,2060,2061,2061,2061,2060,2059,2061,2062,2063,2064,2063,2061,2063,2066,2066,2066,2067,2067,2067,2068,2070,2068,2067,2066,2066,2066,2065,2065,2062,2060,2061,2061,2061,2060,2059,2056,2058,2059,2059,2060,2060,2060,2060,2058,2056,2057,2057,2058,2058,2058,2060,2061,2061,2061,2060,2058,2056,2054,0
17,1551,42,2054,2057,2060,2060,2061,2060,2061,2063,2063,2063,2062,2061,2061,2062,2064,2062,2060,2058,2058,2058,2055,2054,0
17,1575,42,2054,2054,2056,2055,2056,2057,2058,2060,2062,2064,2066,2065,2066,2068,2070,2070,2068,2067,2067,2067,2067,2066,2066,2064,2063,2060,2058,2056,2053,0
17,1614,42,2054,2057,2059,2061,2065,2068,2071,2072,2074,2076,2076,2075,2075,2075,2075,2076,2078,2076,2074,2072,2069,2067,2065,2064,2061,2060,2058,2059,2060,2060,2060,2060,2059,2057,2058,2058,2058,2058,2057,2058,2059,2061,2063,2062,2062,2062,2062,2062,2061,2060,2059,2060,2060,2059,2057,2056,2056,2055,2054,0
17,1674,42,2054,2056,2059,2060,2061,2063,2065,2066,2067,2068,2069,2071,2072,2074,2072,2072,2073,2075,2071,2067,2065,2065,2064,2061,2059,2056,2053,0
17,1717,42,2054,2055,2057,2059,2059,2058,2057,2056,2056,2056,2057,2058,2057,2057,2056,2056,2055,2054,0
17,1740,42,2054,2055,2056,2057,2057,2058,2060,2061,2061,2062,2063,2063,2063,2063,2063,2063,2065,2065,2066,2066,2066,2065,2065,2064,2065,2065,2064,2064,2063,2061,2059,2058,2057,2058,2057,2057,2056,2057,2056,2057,2056,2056,2056,2055,2054,0
17,1790,42,2054,2055,2056,2056,2058,2061,2062,2064,2064,2064,2065,2065,2066,2067,2068,2068,2069,2071,2072,2072,2070,2069,2069,2069,2069,2070,2067,2064,2063,2064,2064,2065,2064,2062,2061,2060,2062,2061,2062,2061,2060,2060,2059,2058,2057,2054,0
17,1855,42,2054,2055,2058,2060,2061,2064,2065,2067,2070,2070,2069,2070,2069,2069,2070,2071,2069,2068,2066,2065,2064,2062,2060,2058,2058,2055,2054,0
17,1887,42,2054,2055,2057,2061,2061,2062,2063,2064,2066,2066,2066,2066,2068,2069,2070,2070,2068,2067,2066,2064,2062,2060,2059,2057,2057,2055,2054,0
17,1917,42,2054,2055,2057,2058,2061,2062,2064,2066,2067,2069,2071,2073,2075,2073,2072,2072,2073,2074,2072,2071,2069,2067,2066,2064,2062,2062,2061,2060,2058,2056,2054,0
17,1950,42,2054,2052,2052,2052,2053,2054,2055,2056,2057,2058,2058,2058,2056,2057,2059,2056,2052,0
17,1986,42,2052,2055,2058,2061,2063,2065,2067,2069,2070,2073,2072,2071,2070,2069,2070,2071,2071,2069,2067,2066,2064,2063,2062,2060,2059,2057,2056,2055,2055,2056,2055,2054,0
17,2019,42,2054,2054,2057,2058,2058,2059,2060,2061,2063,2064,2063,2064,2064,2065,2066,2066,2066,2066,2067,2068,2069,2069,2069,2070,2070,2070,2071,2071,2071,2071,2072,2072,2071,2071,2070,2071,2070,2070,2070,2069,2068,2068,2067,2068,2067,2068,2067,2066,2063,2061,2061,2061,2063,2063,2063,2063,2062,2062,2061,2059,2057,2055,2054,2053,2053,2053,2054,2055,2053,0
17,2105,42,2052,2054,2055,2058,2058,2058,2059,2060,2060,2059,2057,2058,2059,2060,2059,2058,2057,2055,2055,2054,0
17,2127,42,2054,2056,2059,2060,2061,2064,2066,2068,2070,2069,2067,2066,2066,2066,2068,2067,2065,2063,2062,2062,2062,2062,2060,2059,2056,2054,0
17,2160,42,2054,2056,2058,2060,2063,2065,2068,2071,2073,2076,2077,2078,2079,2081,2079,2078,2077,2076,2076,2076,2077,2075,2073,2070,2067,2065,2064,2063,2062,2062,2059,2056,2054,0
17,2195,42,2053,2052,2054,2055,2057,2060,2061,2061,2060,2059,2060,2062,2064,2064,2062,2061,2058,2058,2057,2056,2055,2053,0
17,2225,42,2054,2055,2058,2059,2061,2063,2065,2067,2069,2070,2070,2073,2075,2072,2070,2068,2066,2064,2064,2064,2062,2059,2056,2054,0
17,2262,42,2053,2055,2057,2060,2063,2063,2064,2066,2068,2067,2067,2066,2066,2065,2067,2066,2066,2065,2065,2064,2063,2061,2062,2064,2064,2064,2064,2062,2063,2065,2066,2067,2068,2069,2071,2072,2073,2075,2077,2077,2076,2076,2075,2075,2076,2076,2077,2075,2074,2073,2072,2071,2071,2070,2069,2067,2066,2066,2065,2064,2064,2062,2061,2061,2061,2062,2062,2062,2061,2061,2061,2061,2062,2062,2062,2062,2061,2059,2060,2062,2062,2063,2063,2063,2063,2063,2065,2066,2067,2068,2069,2070,2070,2072,2071,2072,2072,2073,2074,2075,2074,2074,2074,2073,2073,2072,2071,2071,2071,2070,2069,2069,2070,2066,2069,2069,2068,2066,2064,2061,2060,2061,2060,2060,2061,2061,2061,2058,2058,2058,2058,2059,2060,2060,2060,2059,2058,2060,2061,2062,2064,2066,2068,2070,2071,2073,2075,2076,2077,2077,2077,2078,2078,2078,2079,2081,2079,2078,2077,2077,2076,2074,2073,2073,2072,2071,2069,2067,2064,2062,2060,2058,2055,2056,2058,2059,2061,2063,2065,2065,2065,2066,2066,2067,2069,2067,2065,2065,2064,2064,2065,2064,2062,2062,2060,2059,2058,2055,2052,0
17,2469,42,2054,2056,2058,2060,2062,2064,2066,2069,2071,2073,2074,2077,2076,2076,2074,2073,2073,2073,2074,2073,2071,2070,2069,2068,2068,2068,2068,2067,2066,2064,2062,2063,2065,2066,2067,2067,2066,2066,2068,2071,2073,2070,2069,2071,2070,2068,2068,2068,2067,2065,2065,2063,2061,2058,2057,2057,2056,2054,0
17,2529,42,2054,2057,2059,2061,2063,2066,2069,2071,2075,2078,2082,2080,2080,2081,2084,2082,2081,2081,2082,2082,2082,2082,2079,2078,2076,2074,2072,2070,2068,2065,2064,2063,2061,2058,2058,2057,2056,2055,2055,2054,2055,2057,2058,2060,2062,2062,2062,2063,2065,2065,2066,2065,2065,2064,2064,2064,2065,2065,2064,2064,2063,2064,2064,2065,2066,2067,2067,2068,2067,2067,2066,2067,2068,2069,2071,2071,2072,2073,2072,2072,2072,2073,2073,2072,2071,2071,2072,2073,2073,2075,2074,2074,2074,2074,2072,2072,2072,2070,2069,2068,2067,2068,2068,2067,2067,2068,2068,2070,2070,2071,2072,2072,2071,2071,2071,2071,2070,2068,2067,2068,2069,2071,2070,2068,2066,2066,2067,2067,2069,2068,2067,2067,2068,2067,2069,2070,2070,2071,2071,2072,2072,2071,2072,2072,2073,2073,2074,2074,2073,2073,2073,2074,2073,2073,2073,2073,2074,2073,2072,2070,2068,2066,2066,2064,2062,2061,2060,2059,2057,2056,2055,2054,0
17,2708,42,2053,2056,2057,2059,2061,2063,2065,2067,2069,2071,2074,2076,2078,2081,2079,2079,2079,2079,2081,2080,2078,2076,2074,2073,2072,2072,2070,2070,2069,2068,2065,2063,2061,2063,2064,2063,2062,2065,2068,2067,2067,2066,2067,2069,2071,2073,2075,2073,2072,2072,2071,2073,2072,2070,2069,2069,2068,2066,2067,2068,2068,2068,2068,2066,2065,2066,2068,2068,2069,2072,2074,2076,2078,2080,2079,2079,2081,2083,2082,2083,2082,2082,2079,2077,2075,2071,2069,2068,2065,2062,2060,2057,2054,0
17,2806,42,2054,2055,2057,2059,2061,2061,2062,2063,2065,2068,2068,2067,2067,2068,2068,2070,2067,2065,2065,2063,2061,2059,2057,2055,2054,0
17,2838,42,2053,2054,2056,2058,2060,2063,2065,2067,2069,2070,2073,2074,2076,2076,2078,2076,2076,2076,2077,2078,2076,2074,2071,2071,2071,2070,2069,2067,2065,2065,2065,2063,2062,2061,2061,2061,2060,2062,2064,2066,2066,2066,2066,2065,2066,2066,2066,2067,2067,2068,2069,2070,2069,2070,2070,2070,2067,2065,2064,2067,2069,2072,2074,2075,2077,2079,2081,2083,2084,2084,2083,2083,2082,2083,2084,2085,2084,2083,2082,2081,2080,2079,2078,2077,2074,2072,2069,2067,2066,2065,2065,2065,2065,2064,2063,2060,2060,2060,2060,2059,2057,2055,2055,2055,2055,2057,2057,2058,2059,2060,2061,2062,2063,2063,2063,2064,2064,2064,2064,2064,2065,2066,2066,2065,2065,2065,2065,2066,2065,2066,2065,2065,2064,2064,2063,2062,2061,2061,2060,2058,2057,2055,2054,2056,2058,2057,2058,2059,2061,2059,2058,2058,2060,2060,2061,2061,2062,2062,2061,2059,2057,2057,2056,2054,0
17,3023,42,2054,2055,2056,2057,2058,2057,2056,2056,2056,2056,2057,2059,2059,2058,2056,2056,2054,0
17,3086,42,2053,2056,2060,2061,2061,2063,2065,2063,2062,2060,2060,2059,2058,2056,2053,0
17,3269,42,2053,2054,2053,2053,2054,2056,2055,2053,0
17,3395,42,2053,2053,2054,2054,2055,2055,2057,2055,2054,2054,2054,2055,2052,0
17,3576,42,2054,2054,2055,2054,0
17,3635,42,2052,2053,2055,2058,2057,2058,2059,2059,2059,2059,2060,2058,2057,2053,0
17,3942,42,2054,2053,2054,2056,2056,2057,2056,2055,2054,0
17,87,42,2052,2053,2055,2058,2056,2055,2055,2054,0
17,89,42,2054,2054,2054,2055,2053,0
18,4294967295,42,0
19,4294967295,42,0
20,4294967295,42,0
21,4294967295,42,0
22,4294967295,42,0
23,4294967295,42,0
24,4294967295,42,0
25,4294967295,42,0
26,4294967295,42,0
27,4294967295,42,0
28,4294967295,42,0
29,4294967295,42,0
30,4294967295,42,0
31,4294967295,42,0
32,4294967295,42,0
33,4294967295,42,0
34,4294967295,42,0
35,4294967295,42,0
36,4294967295,42,0
37,4294967295,42,0
38,4294967295,42,0
39,4294967295,42,0
40,4294967295,42,0
41,4294967295,42,0
42,4294967295,42,0
43,4294967295,42,0
44,4294967295,42,0
45,4294967295,42,0
46,4294967295,42,0
47,4294967295,42,0
48,4294967295,42,0
49,4294967295,42,0
50,4294967295,42,0
51,4294967295,42,0
52,4294967295,42,0
53,4294967295,42,0
54,4294967295,42,0
55,4294967295,42,0
56,4294967295,42,0
57,4294967295,42,0
58,4294967295,42,0
59,4294967295,42,0
60,4294967295,42,0
61,4294967295,42,0
