2822,0,4294967295,5,0
1,4294967295,5,0
2,4294967295,5,0
3,4294967295,5,0
4,4294967295,5,0
5,4294967295,5,0
6,4294967295,5,0
7,4294967295,5,0
8,4294967295,5,0
9,4294967295,5,0
10,4294967295,5,0
11,4294967295,5,0
12,4294967295,5,0
13,4294967295,5,0
14,4294967295,5,0
15,4294967295,5,0
16,159,5,2042,2045,2048,2048,2049,2049,2051,2053,2050,2048,2046,2044,2041,0
16,457,5,2040,2044,2047,2050,2051,2053,2056,2054,2053,2051,2051,2050,2050,2049,2047,2045,2042,0
16,693,5,2043,2042,2042,2045,2043,0
16,782,5,1962,2093,2272,2360,2364,2321,2257,2187,2123,2069,2028,0
16,957,5,2043,2043,2043,2044,2045,2043,0
16,993,5,2043,2042,2042,2043,2044,2046,2045,2044,2043,0
16,1048,5,2041,2043,2046,2049,2052,2051,2050,2051,2054,2052,2051,2050,2048,2047,2044,2039,0
16,1115,5,2042,2044,2046,2048,2047,2046,2046,2046,2048,2049,2048,2046,2043,0
16,1172,5,2043,2044,2046,2048,2047,2047,2047,2048,2048,2051,2050,2049,2048,2046,2046,2043,0
16,1349,5,2041,2045,2048,2052,2053,2056,2058,2056,2055,2054,2054,2054,2052,2050,2047,2044,2041,0
16,1412,5,2043,2045,2046,2048,2047,2046,2046,2046,2046,2048,2047,2045,2042,0
16,1477,5,2042,2042,2044,2045,2047,2045,2044,2043,2043,2044,2043,0
16,1530,5,2042,2042,2041,2041,2041,2042,2042,2042,2044,2044,2042,0
16,1586,5,2043,2042,2043,2044,2045,2046,2045,2043,0
16,1648,5,2042,2044,2047,2048,2048,2049,2050,2052,2051,2049,2048,2047,2046,2044,2042,0
16,1708,5,2043,2044,2047,2048,2050,2053,2053,2055,2057,2053,2047,2040,0
16,1771,5,2043,2043,2043,2042,2043,2044,2044,2045,2045,2044,2043,0
16,1828,5,2043,2044,2042,0
16,1952,5,1994,2093,2259,2370,2391,2355,2290,2217,2150,2092,2048,2017,0
16,2060,5,2039,2044,2048,2052,2056,2058,2061,2059,2058,2058,2059,2061,2058,2055,2051,2047,2044,2041,0
16,2092,5,2042,2045,2048,2051,2054,2054,2055,2056,2059,2056,2054,2050,2046,2041,0
16,2119,5,2041,2045,2047,2049,2051,2051,2051,2052,2053,2054,2055,2053,2051,2050,2049,2048,2047,2046,2043,0
16,2146,5,2043,2045,2046,2048,2050,2054,2055,2055,2057,2059,2058,2056,2055,2053,2052,2050,2048,2046,2044,2041,0
16,2178,5,2042,2045,2048,2052,2056,2059,2062,2064,2066,2068,2067,2066,2065,2064,2064,2065,2066,2064,2062,2060,2058,2055,2054,2051,2048,2049,2049,2048,2048,2047,2046,2045,2045,2046,2048,2049,2050,2048,2048,2047,2047,2048,2049,2048,2047,2046,2046,2046,2045,2045,2044,2042,0
16,2237,5,2041,2043,2046,2050,2052,2053,2056,2059,2062,2062,2062,2063,2065,2067,2064,2062,2061,2058,2054,2050,2047,2044,2042,0
16,2273,5,2042,2044,2046,2048,2049,2051,2053,2052,2050,2049,2049,2050,2047,2044,2043,0
16,2300,5,2042,2045,2048,2050,2053,2055,2058,2058,2060,2061,2063,2061,2060,2059,2059,2060,2058,2056,2055,2053,2052,2051,2049,2048,2046,2045,2044,2043,0
16,2330,5,2043,2043,2043,2043,2043,2043,2043,2043,2043,2043,2044,2043,0
16,2354,5,2043,2043,2043,2042,2043,2044,2045,2047,2049,2050,2052,2055,2055,2054,2054,2055,2056,2058,2057,2055,2054,2054,2054,2053,2051,2049,2047,2046,2044,2043,0
16,2412,5,2042,2043,2045,2047,2048,2049,2052,2052,2051,2050,2051,2050,2052,2051,2050,2048,2048,2048,2047,2046,2046,2045,2044,2043,0
16,2443,5,2043,2044,2045,2046,2047,2046,2046,2046,2048,2050,2049,2046,2045,2044,2043,0
16,2477,5,2042,2046,2049,2053,2056,2059,2057,2056,2056,2057,2056,2055,2053,2050,2048,2046,2047,2046,2045,2044,2042,0
16,2506,5,2043,2044,2044,2044,2045,2045,2046,2047,2046,2045,2044,2041,0
16,2538,5,2042,2046,2050,2054,2057,2060,2059,2061,2062,2064,2062,2060,2059,2057,2054,2052,2049,2045,2042,0
16,2574,5,2043,2042,2042,2042,2043,2044,2043,0
16,2598,5,2043,2045,2047,2049,2051,2052,2053,2054,2054,2056,2058,2059,2056,2055,2054,2050,2046,2042,0
16,2630,5,2042,2041,2041,2041,2042,2042,2044,2043,0
16,2666,5,2042,2042,2043,2043,2045,2047,2046,2046,2045,2045,2045,2044,2044,2044,2044,2043,0
16,2714,5,2041,2043,2044,2047,2048,2050,2052,2052,2051,2052,2052,2052,2052,2054,2053,2050,2048,2047,2047,2047,2046,2046,2044,2042,0
16,2776,5,2042,2044,2047,2047,2048,2050,2052,2050,2048,2046,2045,2044,2042,0
16,2808,5,2043,2043,2046,2048,2047,2045,2044,2044,2045,2042,0
16,2837,5,2041,2044,2047,2051,2052,2054,2056,2054,2053,2052,2053,2053,2054,2051,2048,2047,2046,2043,0
16,2896,5,2042,2043,2045,2047,2048,2048,2050,2052,2050,2050,2050,2050,2050,2052,2050,2047,2045,2043,0
16,2958,5,2043,2043,2043,2043,2044,2044,2045,2045,2046,2045,2045,2045,2044,2043,0
16,2989,5,2042,2042,2042,2044,2043,0
16,3014,5,2042,2044,2046,2048,2050,2050,2051,2052,2053,2051,2050,2048,2047,2047,2047,2044,2042,0
16,3072,5,2040,2044,2048,2052,2052,2053,2054,2057,2056,2054,2054,2052,2051,2050,2048,2046,2044,2042,0
16,3122,5,1972,2058,2228,2343,2369,2337,2277,2209,2146,2094,2054,2028,0
16,3198,5,2037,0
17,766,5,2026,3155,3004,2934,2927,2956,3004,3054,3098,3133,3158,3173,3180,3181,3177,3172,3163,2024,2159,2226,2226,2190,2138,2084,2032,0
17,1713,5,2049,2048,2050,2052,2050,0
17,1936,5,2016,2997,3023,2944,2925,2952,3000,3054,3105,3146,3176,3195,3206,3203,3206,3200,3191,2224,2166,2238,2249,2219,2166,2108,2054,2009,0
17,2543,5,2050,2050,2049,2050,2051,2053,2051,2050,0
17,2607,5,2050,2050,2050,2051,2050,0
17,2723,5,2049,2051,2050,0
17,2841,5,2050,2049,2049,2050,2050,2051,2053,2052,2051,2050,0
17,2903,5,2050,2050,2051,2050,2051,2052,2050,0
17,3021,5,2050,2050,2050,2051,2050,0
17,3074,5,2048,2052,2051,2050,2050,2050,2052,2053,2052,2051,2050,0
17,3106,5,2041,2979,3051,2968,2945,2968,3011,3062,3108,3147,3174,3192,3200,3201,3196,3187,3177,2236,2146,2219,2234,2207,2159,2104,2054,2013,0
18,4294967295,5,0
19,4294967295,5,0
20,4294967295,5,0
21,4294967295,5,0
22,4294967295,5,0
23,4294967295,5,0
24,4294967295,5,0
25,4294967295,5,0
26,4294967295,5,0
27,4294967295,5,0
28,4294967295,5,0
29,4294967295,5,0
30,4294967295,5,0
31,4294967295,5,0
32,4294967295,5,0
33,4294967295,5,0
34,4294967295,5,0
35,4294967295,5,0
36,4294967295,5,0
37,4294967295,5,0
38,4294967295,5,0
39,4294967295,5,0
40,4294967295,5,0
41,4294967295,5,0
42,4294967295,5,0
43,4294967295,5,0
44,4294967295,5,0
45,4294967295,5,0
46,4294967295,5,0
47,4294967295,5,0
48,4294967295,5,0
49,4294967295,5,0
50,4294967295,5,0
51,4294967295,5,0
52,4294967295,5,0
53,4294967295,5,0
54,4294967295,5,0
55,4294967295,5,0
56,4294967295,5,0
57,4294967295,5,0
58,4294967295,5,0
59,4294967295,5,0
60,4294967295,5,0
61,4294967295,5,0
